0.724276392
0.674304533
0.806269571
0.901394724
1.444215498
0.852069034
0.855663633
0.846959868
0.849421003
2.57883478
0.876012299
1.833214475
0.971832588
0.86539762
0.863203337
0.859709187
1.952805026
0.867726544
0.869912305
0.884402196
0.890291493
0.895920359
0.892147321
0.897787211
0.903756268
0.897547309
1.71062661
0.877209946
0.870159113
0.867070948
0.859806467
0.87327362
0.869648792
0.867407019
1.652826529
0.870791038
0.873781366
1.24335637
0.86645844
0.880880663
0.865123624
0.868256782
0.872949133
0.853676504
0.87204833
0.869314943
0.864769123
0.879778426
0.863630699
0.884898076
0.861122082
0.876988059
0.868071279
0.877942365
0.873473576
0.871086546
0.873850295
0.872382587
1.139090521
0.862775217
0.891396733
1.685581037
0.672993473
1.284507338
0.877925118
0.898543522
0.893669159
0.890717876
0.917214961
0.872005651
0.865419687
0.91139809
0.883969883
0.891093134
0.870838811
1.466538312
0.876003856
0.865550566
0.874266831
0.87343286
1.356893637
1.525016001
1.095514515
1.611715498
1.530053581
2.408160989
4.288224152
1.248801401
1.223837545
3.738065993
1.076594793
3.384183841
1.018888301
1.283344128
1.47970842
1.039405082
1.597190187
0.780912431
1.042444779
1.236406882
2.520245697
1.239283502
1.339813538
0.9412236
1.235779353
1.295887907
1.056193805
1.320004032
1.35905474
1.207665233
1.342312036
1.311020487
4.651927455
0.953571329
1.301874631
1.485693608
1.268839212
1.288068965
3.271042708
1.422001637
1.28178304
2.716713346
3.147123668
1.373954329
1.324893339
1.516950723
3.303432021
1.258384047
0.984502287
1.248000459
1.147342621
1.710772927
1.373266112
1.175803572
1.325209441
1.037077274
1.112709093
4.499719065
1.061007271
0.971869886
2.723697963
0.999551199
0.988350544
1.453966876
1.187681969
1.18890195
1.084675988
0.917096585
1.326933679
2.349373691
1.588449061
1.135874397
1.411394145
1.07454181
1.380043929
1.97992538
1.336724525
1.409529941
0.981826737
1.292653345
3.522475243
1.926931208
1.373023132
1.502618316
1.424636261
1.490507764
4.050027452
1.649351639
1.609569482
1.605894435
1.066352015
1.002554867
3.136001512
1.369424349
1.536667963
1.755607753
1.081810683
1.420599575
2.456147252
1.773851203
1.064891701
2.314421762
1.308257427
1.705607671
1.051709508
2.681430516
1.209989831
3.510048104
1.719485412
1.404851965
1.042604016
1.2758665
0.765044002
0.748610982
1.236022679
3.324442655
0.96609604
1.331222425
2.191123606
1.33657625
2.136352881
1.194210521
1.262245709
1.144619296
1.658039198
1.822814691
1.452684317
1.230304145
1.477439279
1.272459087
1.383724565
1.547307234
2.798874703
4.031413078
2.401297885
1.857057383
1.310969297
2.247367351
1.395675809
1.504592728
1.237378997
1.415840311
1.068694418
2.560733661
3.632955072
1.86747281
1.446618249
2.074602572
1.44182546
1.260111987
2.824466575
1.424435606
1.30531802
1.22262545
2.232763191
1.245701355
1.173737316
1.178389305
1.253977825
1.235732069
1.082267235
4.752966278
2.359956811
1.34887537
1.154513924
1.113197006
1.256833638
1.35973576
1.707970475
1.696850136
1.430517735
1.056871829
3.092514138
1.493562483
1.388944082
1.3207968
2.772436005
1.638146857
1.378002256
1.509541264
1.341705811
1.70117331
2.128364368
1.369781383
1.489317185
1.414983358
1.512411944
1.319093999
4.67684934
1.73200985
2.466539914
3.115674973
1.545491639
1.256275398
1.326200838
1.045856738
1.831976817
1.721918832
1.315987669
1.127448328
2.960821344
1.390882879
1.080398702
1.403058446
1.572676734
1.434780918
3.09533545
1.601301672
1.183832242
2.02251446
1.400926473
2.111275252
4.498225018
1.245645061
1.226321586
1.645974536
1.297995017
1.9725273
1.389248796
0.977543654
2.215774855
1.146828869
4.068094695
1.615208542
1.423780916
1.195937346
2.389591097
1.502634727
1.104832393
2.870723431
1.513761418
3.480187389
4.517751246
1.306524384
1.542162586
4.030578258
2.746190702
1.268221402
3.25021827
1.217730686
2.213389144
4.23042602
1.098705015
2.106611326
1.75380326
4.145883566
3.908688457
1.063084837
1.57499728
